10000
10016
1004
10052
10076
1008
10084
10092
10112
1012
10136
1016
10188
10200
10212
10216
10220
10344
10376
10408
10448
10484
10512
1052
10568
10588
10596
10616
1064
10660
10668
10684
1072
10736
10820
1084
10876
10884
1092
10948
10956
10972
10996
1100
11000
11020
11036
11080
11144
11164
11180
1120
11212
11244
11260
1132
1136
1148
1156
1164
1172
1176
1180
1184
1188
1196
1204
1212
1216
1220
124
1248
1260
1264
1272
1280
1284
1320
1328
1336
1344
1348
1356
1368
1380
1416
1420
1432
1436
1440
1444
1452
1464
1468
1496
1508
1528
1540
1552
1556
1568
1608
1616
1632
1676
1684
1688
1696
1704
1708
1720
1728
1740
1744
1752
1764
1772
1784
1816
1840
1856
1864
1868
1880
1904
1908
1920
1952
1964
1968
1972
1980
1988
2012
2024
2036
2064
2100
2108
2120
2156
2180
2184
2188
2192
2196
2200
2228
2236
2240
2248
2260
2268
2276
2280
2344
2368
2392
2424
2432
2436
2440
2452
2460
2496
2508
2516
2528
2540
2560
2576
2588
2592
2596
2600
2616
2620
2632
2636
2652
2660
2688
2700
2704
2708
2740
2744
2752
2788
2812
2816
2820
2832
2900
2908
2916
2940
2944
2952
2964
2972
2976
3004
3008
3012
3020
3048
3060
3088
3096
3104
3112
3116
3124
3136
3152
3164
3172
3176
3192
3200
3208
3220
3228
3236
3268
3276
3292
3296
3312
3344
3352
3368
3372
3380
3432
3440
3452
3456
3468
3484
3508
3516
3524
3532
3544
3556
3584
3588
3600
3608
3612
3616
3632
3656
3664
3668
3672
3676
3680
3712
3728
3732
3744
3768
3808
3816
3820
388
3944
3988
4
4016
4044
4072
4108
4124
4128
4132
4136
4152
4192
4200
4208
4220
4228
4232
4236
4248
4264
4268
4284
4292
4304
4308
4312
4324
4340
4360
4364
4372
4416
4428
4432
4456
4476
448
4480
4496
4508
4512
4524
4540
4548
456
4564
4572
4584
4600
4604
4608
4612
4620
4644
4652
4672
4684
4696
4704
472
4720
4728
4744
4756
4772
4800
4812
4832
4844
4852
4868
4872
488
4896
492
4936
4944
4968
4972
4976
4984
4992
5004
5020
5028
5044
5052
5056
5060
5076
5092
5096
5116
5124
5128
5136
5144
5148
5160
5176
5192
5208
5220
5236
5240
5248
5308
5332
5352
5372
5384
5404
5408
5412
5416
5420
5424
5444
5452
5460
5464
5468
5472
5484
5488
5496
5504
5508
5512
5520
5528
5552
5560
5572
5584
5616
5620
5624
5628
5632
5636
5640
5644
5660
5664
5668
5672
568
5684
5692
5696
5704
5724
5728
5732
5736
5740
5756
5764
5768
5780
5784
580
5808
5812
5816
5824
5836
5840
5852
5860
5872
5876
5896
5900
5904
5948
5952
5956
596
5964
5976
5980
5992
5996
6000
6004
6008
6024
6028
6032
6036
6040
6052
6056
6064
6068
608
6084
6088
6116
6120
6132
6140
6148
6192
620
6212
6220
6244
6304
6312
6328
6332
6356
6364
6368
6372
6384
6392
6400
6404
6408
6420
6432
6436
6452
6456
6468
6532
6540
6556
6576
6596
6624
6640
6664
6676
668
6696
6700
6708
6716
672
6724
6728
6740
6752
6756
676
6760
6764
6776
6780
6796
68
680
684
6844
6868
6872
688
6964
6976
7012
7028
704
7040
7076
7096
7100
7104
7112
7140
7152
716
7176
7204
7220
7240
7252
7292
7300
7304
7344
7356
7360
7364
7368
7372
7376
7384
7388
7392
7396
7404
7412
744
7448
7456
7464
7476
7488
7500
7508
7516
752
7528
7536
7544
756
7560
7564
7568
7576
7584
7628
7644
7672
7676
7688
7692
7700
7716
7720
7736
7772
7816
7820
7836
7840
7844
7848
7872
7884
7892
7908
792
7920
7940
7948
7952
7972
7988
7992
8000
8004
8012
8020
8032
8036
8040
8048
8100
8104
8112
8132
8152
8156
8164
8176
8188
8196
8204
8224
8236
824
8272
8276
828
8292
8308
832
8332
8336
8380
8384
8408
8432
8436
844
848
8484
8488
8512
8552
8556
8560
8584
8592
8600
8604
8612
8632
864
8656
8664
8672
8676
8684
8692
8712
8736
8740
8744
8748
8792
8796
880
8812
8820
8824
8828
8836
8840
8852
8856
8892
8896
8900
8908
8916
8928
8936
8944
8948
8960
8968
8972
8976
8988
8996
900
9000
9012
9020
9032
9052
9068
9072
9080
9116
9136
9140
9148
9160
9164
9200
9204
9260
9272
9280
9288
9328
9332
9344
9356
9364
9372
9384
9388
9392
9396
9400
9404
9412
9424
9428
9432
944
9448
9460
9468
9476
9480
9484
9492
9504
9512
9520
9524
9528
9532
9544
9548
9572
9588
9600
9608
9612
9620
9628
9640
9648
9656
9660
9664
9672
9676
968
9684
9696
9704
9716
9728
9732
9744
9748
9776
9780
980
9804
9820
9836
9844
9852
9856
9864
9868
9880
9888
9892
9896
9904
9924
9928
9944
9956
996
9960
9964
9996
